# Formato: line x1 y1 z1 x2 y2 z2 r g b

# --- CUBO VERDE (Wireframe) ---
# Cara Inferior (y = -1.0)
line -1.0 -1.0 -1.0  1.0 -1.0 -1.0  0.0 0.8 0.5
line  1.0 -1.0 -1.0  1.0 -1.0  1.0  0.0 0.8 0.5
line  1.0 -1.0  1.0 -1.0 -1.0  1.0  0.0 0.8 0.5
line -1.0 -1.0  1.0 -1.0 -1.0 -1.0  0.0 0.8 0.5
# Cara Superior (y = 1.0)
line -1.0  1.0 -1.0  1.0  1.0 -1.0  0.0 0.8 0.5
line  1.0  1.0 -1.0  1.0  1.0  1.0  0.0 0.8 0.5
line  1.0  1.0  1.0 -1.0  1.0  1.0  0.0 0.8 0.5
line -1.0  1.0  1.0 -1.0  1.0 -1.0  0.0 0.8 0.5
# Columnas Verticales (conectan inferior con superior)
line -1.0 -1.0 -1.0 -1.0  1.0 -1.0  0.0 0.8 0.5
line  1.0 -1.0 -1.0  1.0  1.0 -1.0  0.0 0.8 0.5
line  1.0 -1.0  1.0  1.0  1.0  1.0  0.0 0.8 0.5
line -1.0 -1.0  1.0 -1.0  1.0  1.0  0.0 0.8 0.5